5.425468
8.074920
3.084460
3.505151
2.968604
2.584180
2.765736
3.041316
3.671068
2.978149
6.029804
3.217322
3.163012
3.431162
3.616184
3.407205
3.241526
2.572886
3.058313
3.330588
2.629937
2.752455
2.639388
2.727619
3.328257
3.560666
3.393881
3.403973
3.554229
3.517711
3.342945
3.473019
3.598908
3.713017
3.989082
3.816278
3.936116
3.163671
3.460418
3.944124
3.683173
4.192529
4.151786
4.112593
4.175994
3.072401
3.411517
3.408255
3.442739
3.751684
3.689587
3.566813
3.782815
3.081636
3.727460
3.691891
3.740981
3.991864
3.721246
3.817223
4.033468
3.353097
3.440851
3.705305
4.051729
2.828181
3.155457
3.180204
3.772632
3.323676
3.196201
3.647541
3.710009
3.579669
3.598313
3.635872
4.156121
4.311390
3.738469
3.931275
4.075529
3.341255
3.171179
3.712711
3.601214
3.961564
3.361352
3.797566
3.388534
3.434236
3.312250
3.350749
3.586676
3.446226
3.663689
3.771979
3.512424
3.584399
5.566101
5.521101

